/home/vavasthi/fpmi/research/code/tacitknowledge/graphs/monthly/sci.physics/knowledge-network-monthly-sci.physics-from-1986-07-01T00:00:00.000Z-to-1987-01-01T00:00:00.000Z.graphml
$membership
 [1] 1 1 1 1 1 1 1 1 1 1 1 1 1 1 1 1 1 2 1 1 3 1 1 1 1 1 1 1 3 1 1 1 1 1 1 1 4 1
[39] 1 1 1 1 1 1 1 1 1 1 1 1 1 4 1 1 1 1 1 1 1 1 4 1 1 1 1 1 1 1 1 1 4 5 1 5 1 1
[77] 1 1 1 2 1 1 1 1 1 6 1 1 1 1 5 1 1 1 6 1

$csize
[1] 83  2  2  4  3  2

$no
[1] 6

/home/vavasthi/fpmi/research/code/tacitknowledge/graphs/monthly/sci.physics/knowledge-network-monthly-sci.physics-from-1986-10-01T00:00:00.000Z-to-1987-04-01T00:00:00.000Z.graphml
$membership
  [1]  1  2  1  1  3  1  1  2  1  1  1  4  1  1  2  4  1  1  5  1  3  1  1  1  1
 [26]  1  1  1  1  1  1  1  2  1  1  1  1  1  5  6  6  1  1  1  1  7  1  6  1  7
 [51]  1  1  1  1  1  1  1  1  8  1  1  9  1  1  1  1  1  1  1  1  1  1 10  1  1
 [76] 11  1  1  1  1  1  5  1  1  1  1  5  1  1  1 10  1  1  8  1  1  9  1  1  1
[101]  1  1  2  1  1

$csize
 [1] 80  5  2  2  4  3  2  2  2  2  1

$no
[1] 11

/home/vavasthi/fpmi/research/code/tacitknowledge/graphs/monthly/sci.physics/knowledge-network-monthly-sci.physics-from-1987-01-01T00:00:00.000Z-to-1987-07-01T00:00:00.000Z.graphml
$membership
 [1]  1  2  3  2  4  5  6  5  3  2  1  2  5  5  5  3  7  5  3  5  5  3  1  2  2
[26]  8  2  1  1  3  9  5  5 10  4  5  5  6  6  2  3 11  8  7  3  7  1  5  1 11
[51]  1  1 11  6  2  5  5  9  3  3  5  3  5  7  3  1  5  2  7  2  3

$csize
 [1] 10 11 13  2 18  4  5  2  2  1  3

$no
[1] 11

/home/vavasthi/fpmi/research/code/tacitknowledge/graphs/monthly/sci.physics/knowledge-network-monthly-sci.physics-from-1987-04-01T00:00:00.000Z-to-1987-10-01T00:00:00.000Z.graphml
$membership
 [1]  1  2  3  2  4  2  4  2  2  1  5  2  2  1  2  2  2  6  2  2  4  5  5  2  5
[26]  4  2  4  2  2  1  2  7  2  8  2  2  1  6  6  1  2  2  4  2  2  3  2  2  2
[51]  2  6  3  2  2  8  3  2  2  2  2  9  2  2  2  1 10  1  2  2  1  1  2  2  2
[76]  2 10  2  2  2  5  2  7  9  3  2  1  4  2  2 11  2  2

$csize
 [1] 11 52  5  7  5  4  2  2  2  2  1

$no
[1] 11

/home/vavasthi/fpmi/research/code/tacitknowledge/graphs/monthly/sci.physics/knowledge-network-monthly-sci.physics-from-1987-07-01T00:00:00.000Z-to-1988-01-01T00:00:00.000Z.graphml
$membership
 [1] 1 1 2 1 1 1 1 1 3 1 1 4 1 1 1 1 1 1 1 1 1 1 1 1 4 1 1 4 1 4 3 1 1 1 1 1 1 1
[39] 1 1 1 1 1 1 1 1 1 1 1 2 1 1 1 1 2 1 1 5 1 2 1 1 3 1 1 1 3 5 1 1 1 1 1 1 1 1
[77] 1 1 1 1 1 4 1 2 1 1 1 1 1 1

$csize
[1] 74  5  4  5  2

$no
[1] 5

/home/vavasthi/fpmi/research/code/tacitknowledge/graphs/monthly/sci.physics/knowledge-network-monthly-sci.physics-from-1987-10-01T00:00:00.000Z-to-1988-04-01T00:00:00.000Z.graphml
$membership
 [1]  1  1  2  1  1  3  1  4  1  2  5  1  1  4  1  2  6  1  1  2  2  1  1  2  1
[26]  1  7  7  4  1  8  1  9  1  1  7  1  6  1  1  1  1  1  3  2  3 10  8  1  1
[51]  1  2  1 10  1  1  1  4  7  2 11  1  2  1  1 11  1  1  1  5  9  1  1  1  1
[76]  1  1  1

$csize
 [1] 45 10  3  4  2  2  4  2  2  2  2

$no
[1] 11

/home/vavasthi/fpmi/research/code/tacitknowledge/graphs/monthly/sci.physics/knowledge-network-monthly-sci.physics-from-1988-01-01T00:00:00.000Z-to-1988-07-01T00:00:00.000Z.graphml
$membership
 [1] 1 1 1 1 1 2 1 3 1 1 1 4 1 1 1 1 1 5 1 1 1 6 6 1 1 7 1 6 1 1 1 4 8 1 1 1 2 2
[39] 4 1 1 1 1 1 4 5 4 1 3 1 1 4 4 6 8 9 4 1 1 9 1 1 1 1 1 7 1 1 4

$csize
[1] 43  3  2  9  2  4  2  2  2

$no
[1] 9

/home/vavasthi/fpmi/research/code/tacitknowledge/graphs/monthly/sci.physics/knowledge-network-monthly-sci.physics-from-1988-04-01T00:00:00.000Z-to-1988-10-01T00:00:00.000Z.graphml
$membership
 [1] 1 2 3 3 4 5 5 6 7 2 5 4 4 4 3 5 7 8 7 4 5 6 5 3 5 1 4 7 7 2 8 2 3 5 5 5 3 1
[39] 4 5 4 5 2 7 4 2

$csize
[1]  3  6  6  9 12  2  6  2

$no
[1] 8

/home/vavasthi/fpmi/research/code/tacitknowledge/graphs/monthly/sci.physics/knowledge-network-monthly-sci.physics-from-1988-07-01T00:00:00.000Z-to-1989-01-01T00:00:00.000Z.graphml
$membership
  [1] 1 1 1 2 1 3 1 1 1 1 1 1 1 4 1 1 5 1 1 1 1 1 5 1 6 1 2 5 1 5 1 1 4 1 1 1 1
 [38] 1 1 1 1 1 1 1 6 1 1 7 5 1 1 1 1 1 1 2 5 1 1 1 1 2 1 6 5 1 1 3 1 1 5 1 1 1
 [75] 1 1 1 1 1 1 1 1 5 1 1 1 7 1 4 5 1 1 1 1 2 1 5 2 1 1 2

$csize
[1] 73  7  2  3 11  3  2

$no
[1] 7

/home/vavasthi/fpmi/research/code/tacitknowledge/graphs/monthly/sci.physics/knowledge-network-monthly-sci.physics-from-1988-10-01T00:00:00.000Z-to-1989-04-01T00:00:00.000Z.graphml
$membership
  [1]  1  1  1  2  1  1  1  3  1  1  4  1  1  1  1  1  1  5  1  1  1  1  1  1  1
 [26]  1  2  1  1  1  1  4  1  6  1  1  1  1  1  7  1  4  1  1  1  1  8  2  1  1
 [51]  1  4  1  1  2  2  1  1  4  1  4  1  1  1  4  1  1  1  1  1  4  1  1  9  1
 [76]  1  1  1 10  1 10  1  1  1  1  1 11  6  6  1  1  1  1  1  1  1  2  1 12  8
[101]  1  6  1  1  1  1  1  2  1 13  1  1  1  1  1  7  1  1  1  2  3  1  1  1  1
[126]  1  1  7  1  7  7  1  1  4  1  4  1  1  1  5  7  1  4  1  1  1  1  1  8  4
[151]  1  1  1 11  2  1  1  1  1  1  4  1  1  1  1  9  1  1  1  9  1  1  1  7  4
[176]  8  1 12  1  1 12

$csize
 [1] 128   9   2  14   2   4   7   4   3   2   2   3   1

$no
[1] 13

/home/vavasthi/fpmi/research/code/tacitknowledge/graphs/monthly/sci.physics/knowledge-network-monthly-sci.physics-from-1989-01-01T00:00:00.000Z-to-1989-07-01T00:00:00.000Z.graphml
$membership
  [1]  1  1  2  1  1  1  1  1  1  1  3  1  1  4  5  1  1  1  6  1  1  1  1  1  1
 [26]  7  1  1  1  1  1  4  1  1  1  1  1  6  1  8  1  1  1  4  8  1  6  1  9  1
 [51]  1  1  4  1  1  1  1  1  1  1  1  6  4  1  4  1  1  4  1 10  1 11  1  1  2
 [76]  4  1  1  1 12 13 13  1  1  6  1  1  1  1  6  1  1  1  1 12  9  1  1  1  1
[101]  1  1 11  1  1  1  1  1 14 10  6  1  7  1  1  1  1  1  2  1  1  1  1  1  1
[126]  1  1  1  1  1  1  1  1  1  1  4  4  1  1  1  1  1  4  1  1  1  1  4  1  1
[151]  1  1  1  1  1  1  9  1  4  1  3  1 12  6  1  1  1  1  1  1  1  4  1  1  1
[176]  1  6  1

$csize
 [1] 132   3   2  14   1   9   2   2   3   2   2   3   2   1

$no
[1] 14

/home/vavasthi/fpmi/research/code/tacitknowledge/graphs/monthly/sci.physics/knowledge-network-monthly-sci.physics-from-1989-04-01T00:00:00.000Z-to-1989-10-01T00:00:00.000Z.graphml
$membership
 [1]  1  2  2  1  3  4  2  5  6  2  2  2  2  2  2  2  2  7  2  2  8  2  2  2  9
[26] 10  3  6  1 11  2  2  2  2 11  4  1  2  2  2  2  9  1  3  2  1  2  2  9  2
[51]  2  2  2  2  2  2  5  1  2  2  2  2  2  2  1  3  2  2  2  5  2  2 10  7  4
[76]  6  2 12  3  2  1  3 13 13  2  2  2  2

$csize
 [1]  9 51  6  3  3  3  2  1  3  2  2  1  2

$no
[1] 13

/home/vavasthi/fpmi/research/code/tacitknowledge/graphs/monthly/sci.physics/knowledge-network-monthly-sci.physics-from-1989-07-01T00:00:00.000Z-to-1990-01-01T00:00:00.000Z.graphml
$membership
 [1]  1  2  2  3  3  4  1  5  6  2  6  2  1  7  1  8  1  6  9  1  6  6  6  1 10
[26]  9 10  2  7  8  1 11  4  3  6  1  9 12 11  6  9  9  6  5  5  1 13  1 13

$csize
 [1] 11  5  3  2  3  9  2  2  5  2  2  1  2

$no
[1] 13

/home/vavasthi/fpmi/research/code/tacitknowledge/graphs/monthly/sci.physics/knowledge-network-monthly-sci.physics-from-1989-10-01T00:00:00.000Z-to-1990-04-01T00:00:00.000Z.graphml
$membership
 [1]  1  1  2  3  4  4  5  6  6  5  7  8  5  4  6  9 10  6  4  4 11 12  9 12 13
[26]  3  1  7  4  8 13  2  6 13  1  2 13  4  4  9 13 13 13  7  4 11  9  4  6 10
[51]  5 13 11

$csize
 [1]  4  3  2 10  4  6  3  2  4  2  3  2  8

$no
[1] 13

/home/vavasthi/fpmi/research/code/tacitknowledge/graphs/monthly/sci.physics/knowledge-network-monthly-sci.physics-from-1990-01-01T00:00:00.000Z-to-1990-07-01T00:00:00.000Z.graphml
$membership
 [1] 1 2 3 4 4 3 5 3 6 3 4 5 7 4 8 5 3 8 5 8 6 9 6 7 5 5 5 6 3 1 8 7 3 6 7 6 5 2
[39] 4 8 9 8

$csize
[1] 2 2 7 5 8 6 4 6 2

$no
[1] 9

/home/vavasthi/fpmi/research/code/tacitknowledge/graphs/monthly/sci.physics/knowledge-network-monthly-sci.physics-from-1990-04-01T00:00:00.000Z-to-1990-10-01T00:00:00.000Z.graphml
$membership
 [1]  1  2  1  3  4  5  3  5  1  3  2  1  1  6  1  1  7  8  4  5  1  3  1  4  5
[26]  2  8  3  3  9  6 10  2  1  9  5  2  1  5  1  1  2  5  1  1  3  8  1  1  1
[51]  5  8  7  2 10  8  1  1  6  1  1  1  5  1  3

$csize
 [1] 24  7  8  3  9  3  2  5  2  2

$no
[1] 10

/home/vavasthi/fpmi/research/code/tacitknowledge/graphs/monthly/sci.physics/knowledge-network-monthly-sci.physics-from-1990-07-01T00:00:00.000Z-to-1991-01-01T00:00:00.000Z.graphml
$membership
 [1]  1  2  3  4  4  5  3  1  6  6  4  3  4  1  1  4  7  2  1  4  1  1  8  7  1
[26]  1  6  4  3  5  1  4  1  5  8  4  4  4  8  3  6  3  8  1  6  1  3  1  3  9
[51]  1  3  1  3  3  1  2  1  3  1  1  4  1  1  3  3 10  1  9  1 11  1  6  6  1
[76] 11  3  3  8  3  3  3  1  1  1  3 10  3  3  1 10  4

$csize
 [1] 30  3 22 13  3  7  2  5  2  3  2

$no
[1] 11

/home/vavasthi/fpmi/research/code/tacitknowledge/graphs/monthly/sci.physics/knowledge-network-monthly-sci.physics-from-1990-10-01T00:00:00.000Z-to-1991-04-01T00:00:00.000Z.graphml
$membership
  [1]  1  1  1  1  1  1  1  2  3  1  1  4  1  5  3  1  2  1  1  1  4  1  2  6  7
 [26]  1  1  1  1  1  1  1  5  2  5  1  8  1  1  8  9  1 10  4  1  6  1 11 11 12
 [51]  1  1  1  1  1  1 13  1  1 13  1  1 10  1  1  9  1  1  1  1  5  1  1  5  2
 [76]  2  1  1  2  1  2  1  1  1  7  1  1 13  1  1  8  1  1  1  1 14  1  5  1  1
[101]  5  1  1  5  1  1  1 14  1  1  5  1  5 12  1  1  7  1  1  1  1  1  1 10  1
[126]  1  1

$csize
 [1] 82  8  2  3 10  2  3  3  2  3  2  2  3  2

$no
[1] 14

/home/vavasthi/fpmi/research/code/tacitknowledge/graphs/monthly/sci.physics/knowledge-network-monthly-sci.physics-from-1991-01-01T00:00:00.000Z-to-1991-07-01T00:00:00.000Z.graphml
$membership
  [1]  1  1  2  3  2  2  4  5  6  7  8  5  2  2  5  9  2 10  9  8 11  5 12 13  2
 [26] 13  3 10 14  2 15 16  3 15  9 15  4 13  9 16  2  8 10 13 10 17 17  9  5  2
 [51] 10  9 12 18  9 15 18 10 15  2  3 14 15 11 15  9  9 19 10 13  2  5 10  2 19
 [76] 13 19  2  5 20  1  5  2  9  2 21 19  2 10 19 10  6 10  6 18  9  9 16 10  7
[101]  3  3 22 10  9 10 13 22 10  5 13 20 13 12  9 21  7  2  2 15 14

$csize
 [1]  3 19  6  2  9  3  3  3 14 15  2  3  9  3  8  3  2  3  5  2  2  2

$no
[1] 22

/home/vavasthi/fpmi/research/code/tacitknowledge/graphs/monthly/sci.physics/knowledge-network-monthly-sci.physics-from-1991-04-01T00:00:00.000Z-to-1991-10-01T00:00:00.000Z.graphml
$membership
 [1]  1  2  3  2  4  5  6  4  1  5  1  1  7  8  6  4  9  6  7 10  5  7  4  7  1
[26]  6  6  3  7  4  4  9  4  4  2  2  4  2  8  4  7  1  4  4 10  4  9  1  1  2
[51]  2  2

$csize
 [1]  8  8  2 13  3  5  6  2  3  2

$no
[1] 10

/home/vavasthi/fpmi/research/code/tacitknowledge/graphs/monthly/sci.physics/knowledge-network-monthly-sci.physics-from-2002-07-01T00:00:00.000Z-to-2003-01-01T00:00:00.000Z.graphml
$membership
 [1] 1 1 1 1 1 1 1 1 1 1 1 1 1 1 1 1 1 1 1 1 1 1 1 1 1 1 1 1 1 1 1 1 1 1 1 1 1 1
[39] 1 1 1 1 1 1 1 1 1 1 1 1 1 1 1 1 1 1 1 1 1 1 1 1 1 1 1 1 1 1 1 1 1 1 1

$csize
[1] 73

$no
[1] 1

/home/vavasthi/fpmi/research/code/tacitknowledge/graphs/monthly/sci.physics/knowledge-network-monthly-sci.physics-from-2002-10-01T00:00:00.000Z-to-2003-04-01T00:00:00.000Z.graphml
$membership
 [1] 1 1 1 1 1 1 1 1 1 1 1 1 1 1 1 1 1 1 1 1 1 1 1 1 1 1 1 1 1 1 1 1 1 1 1 1 1 1
[39] 1 1 1 1 1 1 1 1 1 1 1 1 1 1 1 1 1 1 1 1 1 1 1 1 1 1 1 1 1 1 1 1 1 1 1

$csize
[1] 73

$no
[1] 1

/home/vavasthi/fpmi/research/code/tacitknowledge/graphs/monthly/sci.physics/knowledge-network-monthly-sci.physics-from-2003-04-01T00:00:00.000Z-to-2003-10-01T00:00:00.000Z.graphml
$membership
   [1]  1  1  1  1  1  1  1  1  1  1  1  1  1  1  1  1  1  1  1  1  1  1  1  1
  [25]  1  1  1  1  1  1  1  1  1  1  1  1  1  1  1  1  1  1  1  1  1  1  1  1
  [49]  1  1  1  1  1  1  1  1  1  1  1  1  1  1  1  1  1  1  1  1  1  1  1  1
  [73]  1  1  1  1  1  1  1  1  1  1  1  1  1  1  1  1  1  1  1  1  1  1  1  1
  [97]  1  1  1  1  1  1  1  1  1  1  1  1  1  1  1  1  1  1  1  1  1  1  1  1
 [121]  1  1  1  1  1  1  1  1  1  1  1  1  1  1  1  1  1  1  1  2  1  1  1  1
 [145]  1  1  1  1  1  1  1  1  1  1  1  1  1  1  1  1  1  1  1  1  1  1  1  1
 [169]  1  1  1  1  1  1  1  1  1  1  1  1  1  1  1  1  1  1  1  1  1  1  1  1
 [193]  1  1  1  1  1  1  1  1  1  1  1  1  1  1  1  1  1  1  1  1  1  1  3  1
 [217]  1  1  1  1  1  1  1  1  1  1  1  1  1  1  1  1  1  4  1  1  1  1  1  1
 [241]  1  1  1  1  1  1  1  1  1  1  1  1  1  1  1  1  1  1  1  1  1  1  1  1
 [265]  1  1  1  1  1  1  1  1  1  1  1  1  1  1  1  1  5  1  1  1  1  1  1  1
 [289]  1  1  1  1  1  1  1  1  1  1  1  1  1  1  1  1  1  1  1  1  1  1  1  1
 [313]  1  1  1  1  1  1  1  1  1  1  1  1  1  1  1  1  1  1  1  6  1  1  1  1
 [337]  1  1  1  1  1  1  1  1  1  1  1  1  1  1  1  1  1  1  1  1  1  1  1  1
 [361]  1  1  1  1  1  1  1  1  1  1  1  1  1  1  1  1  1  1  1  1  1  1  1  1
 [385]  1  1  1  1  1  1  1  1  1  1  1  1  1  1  1  1  1  1  1  1  1  1  1  1
 [409]  1  1  1  1  1  1  1  1  1  1  1  1  1  1  1  1  1  1  1  1  1  1  1  1
 [433]  1  1  1  1  1  1  1  7  1  1  1  1  1  1  1  1  1  2  1  1  1  1  1  1
 [457]  1  1  1  1  1  1  1  1  1  1  1  1  1  1  1  1  1  1  1  1  1  1  1  1
 [481]  1  8  1  1  1  1  1  1  1  1  1  1  1  1  1  1  1  1  1  1  1  1  1  1
 [505]  1  1  1  1  1  1  1  1  1  1  1  1  1  1  1  1  1  1  1  1  1  1  1  1
 [529]  1  1  1  1  1  1  1  1  1  1  1  1  1  1  1  1  1  1  1  1  1  1  1  1
 [553]  1  1  1  1  1  1  1  1  1  1  1  1  1  1  1  1  1  1  1  1  1  1  1  1
 [577]  1  1  1  1  1  1  1  1  1  1  1  1  1  1  1  1  1  1  1  1  1  1  1  1
 [601]  1  1  1  1  1  1  1  1  1  1  1  1  1  1  1  1  1  1  1  1  1  1  1  1
 [625]  1  1  1  1  1  1  1  1  1  1  1  1  1  1  1  1  1  1  1  1  1  1  1  1
 [649]  1  1  1  1  1  1  1  1  1  1  1  1  1  1  1  1  1  1  1  1  1  1  1  1
 [673]  1  1  1  1  1  1  1  1  1  1  1  1  1  1  1  1  1  1  1  1  1  1  1  1
 [697]  1  1  1  1  1  1  1  1  1  1  1  1  1  1  1  1  1  1  1  1  1  1  1  1
 [721]  1  1  1  1  1  1  1  1  1  1  1  1  1  1  1  1  1  1  1  1  1  1  1  1
 [745]  1  1  1  1  1  1  1  1  1  1  1  1  1  1  1  1  1  1  1  1  1  1  1  1
 [769]  1  1  1  1  1  1  1  1  1  1  1  1  1  1  1  1  1  1  1  1  1  1  1  1
 [793]  1  1  1  1  1  1  1  1  1  1  1  1  1  1  1  1  1  1  1  1  1  1  1  1
 [817]  1  1  1  1  1  1  1  1  1  1  1  1  1  1  1  1  1  1  1  1  1  1  1  1
 [841]  1  1  1  1  1  1  1  1  1  1  1  1  1  1  1  1  1  1  1  1  1  1  1  1
 [865]  1  9  1  1  1  1  1  1  1  1  1  1  1  1  1  1  1  1  1  1  1  1  1  1
 [889]  1  1  1  1  1  1  1  1  1  1  1  1  1  1  1  1  1  1  1  1  1  1  1  1
 [913]  1  1  1  1  1  1  1  1  1  1  1  1  1  1  1  1  1  1  1  1  1  1  1  1
 [937]  1  1  1  1  1  1  1  1  1  1  1  1  1  1  1  1  1  1  1  1  1  1  1  1
 [961]  1  1  1  1  1  1  1  1  1  1  1  1  1  1  1  1  1  1  1  1  1  1  1  1
 [985]  1  1  1  1  1  1  1 10  1  1  1  1  1  1  1  1  1  1  1  1  1  1  1  1
[1009]  1  1  1  1  1  1  1  1  1  1  1  1  1  1  1  1  1  1  1  1  1  1  1  1
[1033]  1  1  1  1  1  1  1  1  1  1  1  1  1  1  1  1  1  1  1  1  1  1  1  1
[1057]  1  1  1  1  1  1  1  1  1  1  1  1  1  1  1  1  1  1  1  1  1  1  1  1
[1081]  1  1  1  1  1  1  1  1  1  1  1  1  1  1  1  1  1  1  1  1  1  1  1  1
[1105]  1  1  1  1  1  1  1  1  1  1  1  1  6  1  1  1  1  1  1  1  1  1  1  1
[1129]  1  1  1  1  1  1  1  1  1  1  1  1  1  1  1  1  1  1  1  1  1  1  1  1
[1153]  1  1  1  1  5  1  1  1  1  1  1  1  1  1  1  1  1  1  1  1  1  1  1  1
[1177]  1  1  1  1  1  1  1  1  1  1  1  1  1  1  1  1  1  1  1  1  1  1  1  1
[1201]  1  1  1  1  1  1  1  1  1  1  1  1  1  1  1  1  1  1  1  1  1  1  1  1
[1225]  1  1  1  1  1  1  1  1  1  1  1  1  1  1  1  1  1  1  1  1  1  1  1  1
[1249]  1  1  1  1  1  1  1  1  1  1  1  1  1  1  1  9  1  1  1  1  1  1  1  1
[1273]  1  1  1  1  1  1  1  1  1  1  1  1  1  1  1  1  1  1  1  1  1  1  1  1
[1297]  1  1  1  1  1  1  1  1  1  1  1  1  1  1  1  1  1  1  1  1  1  1  1  1
[1321]  1  1  1  1  1  1  1  1  7  1  1  1  1  1  1  1  1  1  1  1  1  1  1  1
[1345]  1  1  1  1  1  1  1  1  1  1  1  1  1  1  1  1  1  1  1  1  1  1  1  1
[1369]  1  1  1  1  1  1  1  1  1  1  1  1  1  1  1  1  1  1  1  1  1  1  1  1
[1393]  1  1  1  1  1  1  1  1  1  1  1  1  1  1  1  1  1  1  1  1  1  1  1  1
[1417]  1  1  1  1  1  1  8  1  1  1  1  1  1  1  1  1  1  1  1  1  1  1  1  1
[1441]  1  1  1  1  1  1  1  1  1  1  1  1  1  1  1  1  1  1  1  1  1  1  1  1
[1465]  1  1  1  1  1  1  1  1  1  1  1  1  1  1  1  1  1  1  1  1  1  1  1  1
[1489]  1  1  1  1  1  1  1  1  1  1  1  1  1  1  1  1  1  1  1  1  1  1  1  1
[1513]  1  1  1  1  1  1  1  1  1  1  1  1  1  1  1  1  1 10  1  1  1  1  1  1
[1537]  1  1  1  1  1  1  1  1  1  1  3  1  1  1  1  1  1  1  1  1  1  1  1  1
[1561]  1  1  1  1  1  1  1  1  1  1  1  1  1  1  1  1  1  1  1  1  1  1  1  1
[1585]  1  1  1  1  1  1  1  1  1  1  1  1  1  1  1  1  1  1  1  1  1  1  1  1
[1609]  1  1  1  1  1  1  1  1  1  1  1  1  1  1  1  1  1  1  1  1  1  1  1  1
[1633]  1  1  1  1  1  1  1  1  1  1  1  1  1  1  1  1  1  1  1  1  1  1  1  1
[1657]  1  1  1  1  1  1  1  1  1  1  1  1  1  1  1  1  1  1  1  1  1  1  1  1
[1681]  1  1  1  1  1  1  1  1  1  1  1  1  1  1  1  1  1  1  1  1  1  1  1  1
[1705]  1  1  1  1  1  1  1  1  1  1 11  1  1  1  1  1  1  1  1  1  1  1  1  1
[1729]  1  1  1  1  1  1  1  1  1  1  1  1  1  1  1  1  1  1  1  1  1  1  1  1
[1753]  1  1  1  1  1  1  1  1  1  1  1  1  1  1  1  1  1  1  1  1  1  1  1  1

$csize
 [1] 1758    2    2    1    2    2    2    2    2    2    1

$no
[1] 11

/home/vavasthi/fpmi/research/code/tacitknowledge/graphs/monthly/sci.physics/knowledge-network-monthly-sci.physics-from-2003-07-01T00:00:00.000Z-to-2004-01-01T00:00:00.000Z.graphml
$membership
   [1]  1  1  1  1  1  1  1  1  1  1  1  1  1  1  1  1  1  2  1  1  1  1  1  1
  [25]  1  1  1  1  1  1  1  1  1  1  2  1  1  1  1  1  1  1  1  1  1  1  1  1
  [49]  1  1  1  1  1  1  1  1  1  1  1  1  1  1  1  1  1  1  1  1  1  1  1  1
  [73]  1  1  1  1  1  1  1  1  1  1  1  1  1  1  1  1  1  1  1  1  1  1  1  1
  [97]  1  1  1  1  1  1  1  1  1  1  1  1  1  1  1  1  1  1  1  1  1  1  1  1
 [121]  1  1  1  1  1  1  1  1  1  1  1  1  1  1  1  1  1  1  1  1  1  1  1  1
 [145]  1  1  1  1  1  1  1  1  1  1  1  1  1  1  1  1  1  1  3  1  1  1  1  1
 [169]  1  1  1  1  1  1  1  1  1  1  1  1  1  1  1  1  1  1  1  1  1  1  1  1
 [193]  1  1  1  1  1  1  1  1  1  1  1  1  1  1  1  1  1  1  1  1  1  1  1  1
 [217]  1  1  1  1  1  1  1  1  1  1  1  1  1  1  1  1  1  1  1  1  1  1  1  1
 [241]  1  1  1  1  1  1  1  1  1  1  1  1  1  4  1  1  1  1  1  1  1  1  1  1
 [265]  1  1  1  1  1  1  1  1  1  1  1  1  1  1  1  1  2  1  1  1  1  1  1  1
 [289]  1  1  1  1  1  1  1  1  1  1  1  1  1  1  1  1  1  1  5  1  1  1  1  1
 [313]  1  1  1  1  1  1  1  1  1  1  1  1  1  1  1  1  1  1  1  1  1  1  1  1
 [337]  1  1  1  1  1  1  1  1  1  1  1  1  1  6  1  1  1  1  1  1  1  1  1  1
 [361]  1  1  1  1  1  1  1  1  1  1  1  6  1  1  1  1  1  1  1  1  1  1  1  1
 [385]  1  1  1  1  7  1  1  1  1  1  1  1  1  1  1  1  1  1  1  1  1  1  1  1
 [409]  1  1  1  1  1  1  1  1  1  1  1  1  1  1  1  1  1  1  1  8  1  1  1  1
 [433]  1  1  1  1  1  1  1  1  1  1  1  1  1  1  1  1  1  2  1  1  1  1  1  1
 [457]  1  1  1  1  1  1  1  1  1  1  1  1  1  1  1  8  1  1  1  1  1  8  1  1
 [481]  1  1  1  1  1  1  1  1  1  1  1  1  1  1  1  1  1  1  1  1  1  1  1  1
 [505]  1  1  1  1  1  1  1  1  1  1  1  1  1  1  1  1  1  1  1  1  1  9  1  1
 [529]  1  1  1  1  1  1  1  1  1  1  1  1  1  1  1  1  1  1  1  1  1  1  1  1
 [553]  1  1  1  1  1  1  1  1  1  1  1  1  1  1  1  1  1  1  1  1  1  1  1  1
 [577]  1  1  1  1  1  1  1  1  1  1  1  1  1  1  1  1  1  1  1  1  1  1  1  1
 [601]  1  1  1  1  1  1  1  1  1  1  1  1  1  1  1  1  1  1  1  1  1  1  1  1
 [625]  1  1  1  1  1  1  1  1  1  1  1  1  1  1  1  1  1  1  1  1  1  1  1  1
 [649]  1  1  1  1  1  1  1  1  1  1  1  1  1  1  1  1  1  1  1  1  1  1  1  1
 [673]  1  1  1  1  1  1 10  1  1  1  1  1  1  1  1  1  1  1  1  1  1  1  1  1
 [697]  1  1  1  1  1  1  1  1  1  1  1  1  1  1  1  1  1  1  1  1  1  1  1  1
 [721]  1  1  1  1  1  1  1  1  1  1  1  1  1  1  1  1  1  1  1  1  1  1  1  1
 [745]  1  1  1  1  1  1  1  1  1  1  1  1  1  1  1  1  1  1  1  1  1  1  1  1
 [769]  1  1  1  1  1  1  1  1  1  1  1  1  1  1  1  1  1  1  1  1  1  1  1  1
 [793]  1  1  1  1  1  1  1  1  1  1  1  1  1  1  1  1  1  1  1  1  3  1  1  1
 [817]  1  1  1  1  1  1  1  1  1  1  1  1  1  1  1  1  1  1  1  1  1  1  1  1
 [841]  1  1  1  1  1  1  1  1  1  1  1  1  1  1  1  1  1  1  1  1  1  1  1  1
 [865]  1  1  1  1  1  1  1  1  1  1  1  1  1  1  1  1  1  1  1  1  1  1  1  1
 [889]  1  1  1  1  1  1  1  1  1  1  1  1  1  1  1  1  1  1  1  1  1  1  1  1
 [913]  1  1  1  1  1  1  1  1  1  1  1  1  1  1  1  1  1  1  1  1  1  1  1  1
 [937]  1  1  1  1  1  1  1  1  1  1  1  1  1  1  1  1  1  1  1  1  1  1  1  1
 [961]  1  1  1  1  1  1  1  1  1  1  1  1  1  1  1  1  1  1  1  1  1  1  1  1
 [985]  1  1  1  1  1  1  1  1  1  1  1  1  1  1  1  1 11  1  1  1  1  1  1  1
[1009]  1  1  1  1  1  1  1  1  1  1  1  1  1  1  1  1  1  1  1  1  1  1  1  1
[1033]  1  1  1  1  1  1  1  1  1  1  1  1  1  1  1  1  1  1  1  1  1  1  1  1
[1057]  1  1  1  1  1  1  1  1  1  1  1  5  1  1  1  1  1  1  1  1  1  1  1  1
[1081]  1  1  1  1  1  1  1  1  1  1  1  1  1  1  1  1  1  1  1  1  1  1  1  1
[1105]  1  1  1  1  1  1  1  1  1  1  1  1  1  1  1  1  1  1  1  1  1  1  1  1
[1129]  1  1  1  1  1  1  1  1  1  1  1  1  1  1  1  1  1  1  1  1  1  1  1  1
[1153]  1  1  1  1  1  1  1  1  1  1  1  1  1  1  1  1  1  1  1  1  1  1  1  1
[1177]  1  1  1  1  1  1  1  1  1  1  1  1  1  1  1  1  1  1  1  1  1  1  1  1
[1201]  1  1  1  1  1 11  1  1  1  1  1  1  1 12  1  1  1  1  1  1  1  1  1  1
[1225]  1  1  1  1  1  1  1  1  1  1  1  1  1  1  1  1  1  1  1  1  1  1  1  1
[1249]  1  1  1  1  1  1  1  1  1  1  1  1 13  1  1  1  1  1  1  1  1  1  1  1
[1273]  1  1  1  1  1  1  1  1  1  1  1  1  1  1  1  1  1  1  1  1  1  1  1  1
[1297]  1  1  1  1  1  1  1  1 14  1  1  1  1  1  1  1  1  1  1  1  1  1  1  1
[1321]  1  1  1  1  1  1  1  1  1  1  1  1  1  1  1  1  1  1  1  1  1  1  1  1
[1345]  1  1  1  1  1  1  1  1  1  1  1  1  1  1  1  1  1  1  1  1  1  1  1  1
[1369]  1  1  1  1  1  1  1  1  1  1  1  1  1  1  1  1  1  1  1  1  1  1  1  1
[1393]  1  1  1  1  1  1  1  1  1  1  1  1  1  1  1 14  1  1  1  1  1  1  1  1
[1417]  1  1  1  1  1  1  1  1  1  1  1  1  1  1  1  1  1  1  1  1  1  1  1  1
[1441]  1  1  1  1  1  1  1  1  1  1  1  1  1  1  1  1  1  1  1  1  1  1  1  1
[1465]  1  1  1  1  1  1  1  1  1  1  1  1  1  1  1  1  1  1  1  1  1  1  1  1
[1489]  1  1  1  1  1  1  1  1  1  1  1  1  1  1  1  1  1  1  1  1  1  1  1  1
[1513]  1  1  1  1  1  1  1 15  1  1  1  1  1  1  1 14  1  1  1  1  1  1  1  1
[1537]  1  1  1  1  1  1  1  1  1  1  1  1  1  1  1  1  1  1  1  1  1  1  1  1
[1561]  1  1  1  1  1  1  1  1  1  1  1  1  1  1  1  1  1  1  1  1  1  1  1  1
[1585]  1  1  1  1  1  1  1  1  1  1  1  1  1  1  1  1  1  1  1  1  1  1  1  1
[1609]  1  1  1  1  1  1  1  1  1  1  1  1  1  1  1  1  1  1  1  1  1  1  1  1
[1633]  1  1  1  1  1  1  1  1  1  1  1  1  1  1  1  1  1  1  1  1  1  1  1  1
[1657]  1  1  1  1  1  1  1  1  1  1  1  1  1  1  1  1  1  1  1  1  1  1  1  1
[1681]  1  1  1  1  1  1  1  1  1  1  1  1  1  1  1  1  1  1  1  1  1  1  1  1
[1705]  1  1  1  1  1  1  1  1  1  1  1  1  1  1  1  1  1  1  1  1  1  1  1  1
[1729]  1  1  1  1  1  1  1  1  1  1  1  1  1  1  1  1  1  1  1  1  1  1  1  1
[1753]  1  1  1  1  1  1  1  1  1  1  1  1  1  1  1  1  1  1  1  1  1  1  1  1
[1777]  1  1  1  1  1  1  1  1  1  1  1  1  1  1  1  1  1  1  1  1  1  1  1  1
[1801]  1  1  1  1  1  1  1 16  1  1  1  1  1  1  1  1  1  1  1  1  1  1  1  1
[1825]  1  1  1  1  1  1  1  1  1  1  1 17  1  1  1  1  1  1  1  1  1  1  1  1
[1849]  1  1  1  1  1  1  1  1  1  1  1  1  1  1  1  1  1  1  1  1  1  1  1  1
[1873]  1  1  1  1  1  1  1  1  3  1  1  1  1  1  1  1  1  1  1  1  1  1  1  1
[1897]  1  1  1  1  1  1 16  1  1  1  1  1  1  1  1  1  1  1  1  1  1  1  1  1
[1921]  1  1 15  1  1  1  1  1  1  1  1  1  1  1  1  1  1  1  1  1 18  1  1  1
[1945]  1  1  1 19  1  1  1  1  1  1  1  1  1  1  1  1  1  1  1  1  1  1  1  1
[1969]  1  1  1  1  1  1  1  1  1  1  1  1  1  1  1  1  1  1  1  1  1  1  1  1
[1993]  1  1  1  1  1  1  1  1  1  1  1  1  1  1  1  1  1  1  1  1  1  1  1  1
[2017]  1  1  1  1  1  1  1  1  1  1  1  1  1  1  1  1  1  1  1  1  1  1  1  1
[2041]  1  1  1  1  1  1  1  1  1  1  1  1  1  1  1  1  1  1  1  1  1  1  1  1
[2065]  1  1  1  1  1 19  1  1  1  1  1  1  1  1  1  1  1  1  1  1  1  1  1  1
[2089]  1  1  1  1  1  1  1 17  1 19  1  1  1  1  1  1  1  1  1  1  1  1  1  1
[2113]  1  1  1  1  1  1  1  1  1  1  1  1  1  1  1  1  1  1  1  1  1  1  1  1
[2137]  1  1  1  1  1  1  1  1  1  1  1  1  1  1  1  1  1  1  1  1  1  1  1  1
[2161]  1  1  1  1  1  1  1  1  1  1  1  1  1  1  1  1  1  1  1  1  1  1  1  1
[2185]  1  1  1  1  1  1  1  1  1  1  1  1  1  1  1  1  1  1  1  1  1  1  1  1
[2209]  1  1  1  1  1  1  1  1  1  1  1  1  1  1  1  1  1  1  1  1  1  1  1  1
[2233]  1  1  1  1  1  1  1  1  1  1  1  1  1  1  1  1  1  1  1  1  1  1  1  1
[2257]  1  1  1  1  1  1  1  1  1  1  1  1  1  1  1  1  1  1  1  1  1  1  1  1
[2281]  1  1  1  9  1  1  1  1  1  1  1  1  1  1  1  1  1  1  1  1  1  1  1  1
[2305]  1  1  1  1 16  1  1  1  1  1  1  1  1  1  1  1  1  1  1  1  1  1  1  1
[2329]  1  1  1  1  1  1  1  1  1  1  1  1  1  1  1  1  1  1  1  1  1  1  1  1
[2353]  1  1  1  1  1  1  1  1  1  1  1  1  1  1  1  1  1  1  1  1  1  1  1  1
[2377]  1  1  1  1  1  1  1  1  1  1  1  1  1  1  1  1  1  1  1  1  1  1  1  1
[2401]  1  1  1  1  1  1  1  1  1  1  1  1  1  1  1  1  1  1  1  1  1 20  1  1
[2425]  1  1  1  1  1  1  1  1  1  1  1  1  1  1  1  1  1  1  1  1  1  1  1  1
[2449]  1  1  1  1  1  1  1  1  1  1  1  1  1  1  1  1  1  1  1  1  1  1  1  1
[2473]  1  1  1  1  1  1  1  1  1  1  1  1  1  1  1  1  1  1  1  1  1  1  1  1
[2497]  1  1  1  1  1  1  1  8  1  1  1  1  1  1  1  1  1  1  1  1  1  1  1  1
[2521]  1  1  1  1  1  1  1  1  1  1  1  1  1  1  1  1  1  1  1  1  1  1  1  1
[2545]  1  1  1  1  1  1  1 12  1  1  1  1  1  1  1  1  1  1  1  1  1  1  1  1
[2569]  1  1  1  1  1  1  1  1  1  1  1  1  1  1  1  1  1  1  1  1  1  1  1  1
[2593]  1  1  1  1  1  1  1  1  1  1  1  1  1  1  1  1  1  1  1  1  1  1  9  1
[2617]  1  1  1  1  1  1  1  1  1  1  1  1  1  1  1  1  1  1  1  1  1  1  1  1
[2641]  1  1  1  1  1  1  1  1  1  1  1  1  1  1  1  1  1  1  1  1  1  1  1  1
[2665]  1  1  1  1  1  1  1  1  1  1  1  1  1  1  1  1  1  1  1  1  1  1  1 11
[2689]  1  1  1  1  1  1  1  1  1  1  1  1  1  1  1  1  1  1  1  1  1  1  1  1
[2713]  1  1  1  1  1  1  1  1  1  1  1  1  1  1  1  1  1  1  1  1  1  1  1  1
[2737]  1  1  1  1  1  1  1  1  1  1  1  1  1  1  1  1  1  1  1  1  1  1  1  1
[2761]  1  1  1  1  1  1  1  1  1  1  1  1  1 13  1  1  1  1  1  1  1  1  1  1
[2785]  1  1  1  1  1  1  1  1  1  1  1  1  1  1  1  1  1  1  1  1  1  1  1  1
[2809]  1  1  1  1  1  1  1  1  1  1  1  1  1  1  4  1  1  1  1  1  1  1  1  1
[2833]  1  1  1  1  1  1  1  1  1  1  1  1  1  1  1  1  1  1  1  1  1  1  1  1
[2857]  1  1  1  1  1  1  1  1  1  1  1  1  1  1  1  1  1  1  1  1  1  1  1  1
[2881]  1  1  1  1  1  1  1  1  1  1  1  1  1  1  1  1  1  1  1  1  1  1  1  1
[2905]  1  1  1  1  1  1  1  1  1  1  1  1  1  1  1  1  1  1  1  1  1  1  1  1
[2929]  1  1  1  1  5  1  1  1  1  1  1  1  1  1  1  1  1  1  1  1  1  1  1  1
[2953]  1  1  1  1  1  1  1  1  1  1  1  1  1  1  1  1  1  1  1  1  1  1  1  1
[2977]  1  1  1  1  1  1  1  1  1  1  1  1  1  1  1  1  1  1  7  1  1  1  1  1
[3001]  1  1  1  1  1  1  1  1  1  1  1  1  1  1  1  1  1  1  1  1  1  1  1  1
[3025]  1  1  1  1  1  1  1  1  1  1  1  1  1  1  1  1  1  1  1  1  1  1  1  1
[3049]  1  1  1  1  1  1  1  1  1  1  1  1  1  1  1  1  1  1  1  1  1  1  1  1
[3073]  1  1  1  1  1  1  1  1  1  1  1  1  1  1  1  1  1  1  1  1  1  1  1  1
[3097]  1  1  1  1  1  1  1  1  1  1  1  1  1  1  1  1  1  1  1  1  1  1  1  1
[3121]  1  1  1  1  1  1  1  1  1  1  1  1  1  1  1  1  1  1  1  1  1  1  1  1
[3145]  1  1  1  1  1  1  1  1  1  1  1  1  1  1  1  1  1  1  1  1  1  1  1  1
[3169]  1  1  1  1  1  1  1  1  1  1  1  1  1  1  1  1  1  1  1  1 10  1  1  1
[3193]  1  1  1  1  1  1  1  1  1  1  1  1  1  1  1  1  1  1  1  1  1  1  1  1
[3217]  1  1  1  1  1  1  1  1  1  1  1  1  1  1  1  1  1  1  1  1  1  1  1  1
[3241]  1  1  1  1  1  1  1  1  1  1  1  1  1  1  1  1  1  1  1  1  1  1  1  1
[3265]  1  1  1  1  1  1  1  1  1  1  1  1  1  1  1  1  1  1  1  1  1  1  1  1
[3289]  1  1  1  1  1  1  1  1  1  1  1  1  1  1  1  1  1  1  1  1  1  1  1  1
[3313]  1  1  1  1  1  1  1  1  1  1  1  1  1  1  1  1  1  1  1  1  1  1  1  1
[3337]  1  1  1  1  1  1  1  1  1  1  1  1  1  1  1  1  1  1  1  1  1  1  1  1
[3361]  1  1  1  1  1  1  1  1  1  1  1  1  1  1 21  1  1  1  1  1  1  1  1  1
[3385]  1  1  1  1  1  1  1  1  1  1  1  1  1  1  1  1  1  1  1  1  1  1  1  1
[3409]  1  1  1  1  1  1  1  1  1  1  1  1  1  1  1  1  1  1

$csize
 [1] 3378    4    3    2    3    2    2    4    3    2    3    2    2    3    2
[16]    3    2    1    3    1    1

$no
[1] 21

/home/vavasthi/fpmi/research/code/tacitknowledge/graphs/monthly/sci.physics/knowledge-network-monthly-sci.physics-from-2003-10-01T00:00:00.000Z-to-2004-04-01T00:00:00.000Z.graphml
$membership
   [1]  1  1  1  1  1  1  1  1  1  1  1  1  1  1  1  1  1  1  1  1  1  1  1  1
  [25]  1  1  1  1  1  1  1  1  1  2  1  1  1  1  1  1  1  1  1  1  1  1  1  1
  [49]  1  1  1  1  1  1  1  1  1  1  1  1  1  1  1  1  1  1  1  1  1  1  3  1
  [73]  1  1  1  1  1  1  1  1  1  1  1  1  1  1  1  1  1  1  1  1  1  1  1  1
  [97]  1  1  1  1  1  1  1  1  1  1  1  1  1  1  1  1  1  1  1  4  1  1  1  1
 [121]  1  1  1  1  1  1  1  1  1  5  1  1  1  1  1  1  1  1  1  1  1  1  1  1
 [145]  1  1  1  1  1  1  1  1  1  1  1  1  1  1  1  1  1  1  1  1  1  6  1  1
 [169]  1  1  1  1  1  1  1  1  1  1  1  1  1  1  1  1  1  1  1  1  1  1  1  1
 [193]  1  1  1  1  1  1  1  1  1  1  1  1  1  1  1  1  1  1  1  1  1  1  1  1
 [217]  1  3  1  1  1  1  1  1  1  1  1  1  1  1  4  1  1  1  1  1  1  1  1  1
 [241]  1  1  1  1  1  1  1  1  1  1  1  1  1  1  1  1  1  1  1  1  1  1  1  7
 [265]  1  1  1  1  1  1  1  1  1  1  1  1  1  1  1  1  1  1  1  1  1  1  1  1
 [289]  1  1  1  1  1  1  1  1  1  1  1  1  1  1  1  1  1  1  1  1  1  1  1  1
 [313]  1  1  1  1  1  1  1  1  1  1  1  1  1  1  1  1  1  1  1  1  2  1  1  1
 [337]  1  1  1  1  1  1  1  1  1  1  1  1  8  1  1  1  1  1  1  1  1  1  1  1
 [361]  1  1  1  1  1  1  1  1  1  1  1  1  1  1  1  1  1  1  1  1  1  1  1  1
 [385]  1  1  1  1  1  1  1  1  1  1  1  1  1  1  1  1  1  1  1  1  1  1  1  1
 [409]  5  1  1  1  1  1  1  1  1  1  1  1  9  1  1  1  1  1  1  1  1  1  1  1
 [433]  1  1  1  1  1  1  1  1  1  1  1  1  1  1  1  1  1  1  1  1  1  1  1  1
 [457]  1  1  1  1  1  1  1  6  1  1  1  5  1  1  1  1  1  1  1  1  1  1  1  1
 [481]  1  1  1  1  1  1  1  1  1  1  1  1  1  1  1  1  1  1  1  1  1  1  1  1
 [505]  1  1  1  1  1  1  1  1  1  1  1  1  1  1  1  1  1  1  1  1  1  1  5  1
 [529]  1  1  1  1  1  1  1  1  1  1  1  1  1  1  1  1  1  1  1  1  1  1  1  1
 [553]  1  1 10 11  1  1  1  1  1  1  1  1  1  1  1  1  1  1  1  1  1  1  1  1
 [577]  1  1  1  1  1  1  1  1  1  1  1  1  1  1  1  1  1  1  1  1  1  1  1  1
 [601]  1 10  1  1  1  1  1  1 10  1  1  1  1  1  1  1  1  1  1  1  1  1  1  1
 [625]  1  1  1  1  1  1  1  1  1  1  1  1  1  1  1  1  1  1  1  1  1  1  1  1
 [649]  1  1  7  1  1  1 12  1  1  1  1  1  1  1  1  1 12  1  1  1  1  1  1  1
 [673]  1  1  1  1  1  1  1  1  1  1  1  4  1  1  1  1  1  1  1  1  1  1  1  1
 [697]  1  1  1  1  1  1  1  1  1  1  1  1  1  1  1  1  1  1  1  1  1  1  1  1
 [721]  1  1  1  1  1  1  1  1  1  1  1  1  1  1  1  1  1  1  1  1  1  1  1  1
 [745]  1  1  1  1  1  1  1  1  1  1  1  1  1  1  1  1  1  1  1  1  1  1  1  1
 [769]  1  1  1  1  1  1  1  1  1  1  1  1  1  1  1  1  1  1  1  1  1  1  1  1
 [793]  1  1  1  1  1  1  1  1  1  1  1  1  1  1  1  1  1  1  1  1  1  1  1  1
 [817]  1  1  1  1  1  1  1  1  1  1  1  1  1  1  1  5  1  1  1  1  1  1  1  1
 [841]  1  1  1  1  1  1  1  1  1  1  1  1  1  1  1  1  1  1  1  1  1  1 13  1
 [865]  1  1  1  1  1  1  1  1  1  1  1  1  1  1  1  1  1 14  1  1  1  1  1  1
 [889]  1  1  1  1  1  1  1  1  1  1  1  1  1  1  1  1  1  1  1  1  1  1  1  1
 [913] 15  1  1  1  1  1  1  1  1  1  1  1  1  1  1  1  1  1  1  1  1  1  1  1
 [937]  1  1  1  1  1  1  1  1  1  1  1  1  1  1  1  1  1  1  1  1  1  1  5  1
 [961]  8  1  1  1  1  1  1  1  1  1 10  1  1  1  1  1  1  1  1  1  1  1  1  1
 [985]  1  1  1  1  1  1  1  1  1  1  5  1  1  1  1  1  1  1  1  1  1  1  1  1
[1009]  1  1  1  1  1  1  1  1  1  1  1  1  1  1  1  1  1  1  1  1  1  1  1  1
[1033]  1  1  1  1  1  1  1  1  1  1  1  1  1  1  1  1  1  1  1  1  1  1  1  1
[1057]  1  1  1  1  1  1  1  1  1  1  1  1  1  1  1  1  1  1  1  1  1  1  1  1
[1081]  1  1  1  1  1  1  1  1  1  1  1  1  1  1  1  1 12  1  1  1  1  1  1  1
[1105]  1  1  1  1  1  1  1  1  1  1  1  1  1  1  1  1  1  1  1  1  1  1  1  1
[1129]  1  1  1  1  1  1  1  1  1  1  1  1  1  1  1  1  1  1  1  1  1  1  1  1
[1153]  1  1  1  1  1  1  1  1  1  1  1  1  1  1  1  1  1  1  1  1  1  1  1  1
[1177]  1  1  1  1  1  1  1  1 16  1  1  1  1  1  1  1  1  1  1  1  1  1  1  1
[1201]  1  1  1  1  1  1  1  1  1  1  1  1  1  1  1  1  1  1  1  1  1  1  1  1
[1225]  1  1  1  1  1  1  1  1 16  1  1  1  1  1  1  1  1  1  1  1  1  1  1  1
[1249]  1  1  1  1  1  1  1  1  1  1  1  1  1  1  1  1  1  1  1  1  1  1  1  1
[1273]  1  1  1  1  1  1  1  1  1  1  1  1  1  1  1  1  1  1  1  1  1  1  1  1
[1297]  1  1  1  1  1  1 17  1  1  1  1  1  1 11  1  1  1  1  1  1  1  1  1 18
[1321]  1  1  1  1  1  1  1  1  1  1  1  1  1  1  1  1  1  1  1  1  1  1  1  1
[1345]  1  1  1  1  1  1  1  1  1  1  1  1  1  1  1  1  1  1  1  1  1  1  1  1
[1369]  1  1  1  1  1  1  1  1  1  1  1  1  6  1  1  1  1  1  1  1  1  1  1  1
[1393]  1  1  1  1  1  1  1  1  1  1  1  1  1  1  1  1  1  1  1  1  1  1  1  1
[1417]  1  1  1  1  1  1  1  1  1  1  1  1  1  1  1  1  1  1  1  1  1  1  1  1
[1441]  1  1  7  1  1  1  1  1  1  1  1  1  1  1  1  1  1  1  1  1  1  1  1  1
[1465]  1  1  1  1  1  1  1  1  1  1  1  1  1  1  1  1 16  1  1  1  1  1  1  1
[1489]  1  1  1  1  1  1  1  1  1  1  1  1  1  1  1  1  1 18  1  1  1  1  1  1
[1513]  1  1  1  1  1  1  1  1  1  1  1  1  1  1  1  1  1  1  1  1  1  1  1  1
[1537]  1  1  1  1  1  1  1  1  1  1  1  1  1  1  1  1  1  1  1 17  1  1  1  1
[1561]  1  1  1  1  1  1  1  1  1  1  1  1  1  1  1  1  1  1  1  1  1  1  1  1
[1585]  1  1  1  1  1  1  1  1  1  1  1  1  1  1  1  1  1  1  1  1  1  1  1  1
[1609]  1  1  1 19  1  1  1  1  1  1  1  1  1  1  1  1  1  1  1  1  1  1  1  1
[1633]  1  1  1  1  1  1  1  1  1  1  1  1  1  1  1  1  1  1  1  1  1  1  1  1
[1657]  1  1  1  1  1  1  1  1  1  1  1  1  1  1  1  1  1  1  1  1  1  1  1  1
[1681]  1  1  1  1  1  1  1  1  1  1  1  1  1  1  1  1  1  1  1  1  1  1  1  1
[1705]  1  1  5  1  1  1  1  1  1  1  1  1  1  1  1  6  1  1  1  1 19  1  1  1
[1729]  1  1  1  1  1  1  1  1  1  1  1  1  1  1  1  1  1  1  1  1  1  1  1  1
[1753]  1  1  1  1  1  1  1  1  1  1  1  1  1  1  1  1  1  1  1  1  1  1  1  5
[1777]  1  1  1  1  1  1  1  1  1  1  1  1  1  1  1  1  1  1  1  1  1  1  1  1
[1801]  1  1  1  1  1  1  1  1  1  1  1  1  1  1  1  1  1  1  1  1  1  1  1  1
[1825]  1  1  1  1  1  1 13  1  1  1  1  1  1  1  1  1  1  1  1  1  1  1  1  1
[1849]  1  1  1  1  1  1  1  1  1  1  1  1  1 19  1 14  1  1  1  1  1  1  1  1
[1873]  1  1  1  1  1  1  1  1  1  1  1  1  1  1  1  1  1  1  1  1  1  1  1  1
[1897]  1  1  1  1  1  7  1  1  1  1  1  1  1  1  1  1  1  1  1  1  1  1  1  5
[1921]  1  1  1  1  1  1  1  1  1  1  1  1  5  6  5  1  1  1  1  1  1  1  1  1
[1945]  1  1  1  1  1  1  1  1  1  1  1  1  1  1  1  1  1  1  1  6  1  1  1  1
[1969]  1  1  1  1  1  1  1  1  1  1  1  1  1  1  6  1  1  1  1  1  1  1  1  1
[1993]  1  1  1  1  1  1  1  1  1  1  1  1  1  1  1  1  1  1  1  1  1  1  1  1
[2017]  1  1  1  1  1  1  1  1  1  1  1  1  1  1  1  1  1  1  1  1  1  1  1  1
[2041]  1  1  1  1  3  1  1  1  1  1  1  6  5  1  1  1  1  1  1  1  1  1  1  1
[2065]  5  1  1  1  1  1  1  1  1  1  1  1  1  1  1  1  1  1  1  1  1  1  1  1
[2089]  1  1  1  1  1  1  1  1  1  1  1  1  1

$csize
 [1] 2040    2    3    3   14    8    4    2    1    4    2    3    2    2    1
[16]    3    2    2    3

$no
[1] 19

/home/vavasthi/fpmi/research/code/tacitknowledge/graphs/monthly/sci.physics/knowledge-network-monthly-sci.physics-from-2004-01-01T00:00:00.000Z-to-2004-07-01T00:00:00.000Z.graphml
$membership
[1] 1 1 1 1 1

$csize
[1] 5

$no
[1] 1

